Tempo 	Intensidade
0,0000	0,1
0,2000	0,1
0,4000	0,1
0,6000	0,1
0,8000	0,1
1,0000	0,1
1,2000	0,1
1,4000	0,1
1,6000	0,1
1,8000	0,1
2,0000	0,1
2,2000	0,1
2,4000	0,1
2,6000	0,1
2,8000	0,1
3,0000	0,1
3,2000	0,1
3,4000	0,1
3,6000	0,1
3,8000	0,1
4,0000	0,1
4,2000	0,1
4,4000	0,1
4,6000	0,1
4,8000	0,1
5,0000	0,1
5,2000	0,1
5,4000	0,1
5,6000	0,1
5,8000	0,1
6,0000	0,1
6,2000	0,1
6,4000	0,1
6,6000	0,1
6,8000	0,1
7,0000	0,1
7,2000	0,1
7,4000	0,1
7,6000	0,1
7,8000	0,2
8,0000	0,1
8,2000	0,1
8,4000	0,1
8,6000	0,2
8,8000	0,1
9,0000	0,1
9,2000	0,1
9,4000	0,1
9,6000	0,1
9,8000	0,1
10,0000	0,1
10,2000	0,1
10,4000	0,1
10,6000	0,1
10,8000	0,1
11,0000	0,1
11,2000	0,1
11,4000	0,1
11,6000	0,1
11,8000	0,1
12,0000	0,1
12,2000	0,1
12,4000	0,1
12,6000	0,1
12,8000	0,1
13,0000	0,1
13,2000	0,1
13,4000	0,1
13,6000	0,1
13,8000	0,1
14,0000	0,1
14,2000	0,1
14,4000	0,1
14,6000	0,1
14,8000	0,1
15,0000	0,1
15,2000	0,1
15,4000	0,1
15,6000	0,1
15,8000	0,1
16,0000	0,1
16,2000	0,1
16,4000	0,1
16,6000	0,1
16,8000	0,1
17,0000	0,1
17,2000	0,1
17,4000	0,1
17,6000	0,1
17,8000	0,1
18,0000	0,1
18,2000	0,1
18,4000	0,1
18,6000	0,1
18,8000	0,1
19,0000	0,1
19,2000	0,1
19,4000	0,1
19,6000	0,1
19,8000	0,1
20,0000	0,1
20,2000	0,1
20,4000	0,1
20,6000	0,1
20,8000	0,1
21,0000	0,1
21,2000	0,1
21,4000	0,1
21,6000	0,1
21,8000	0,1
22,0000	0,1
22,2000	0,1
22,4000	0,1
22,6000	0,1
22,8000	0,1
23,0000	0,1
23,2000	0,1
23,4000	0,1
23,6000	0,1
23,8000	0,1
24,0000	0,1
24,2000	0,1
24,4000	0,1
24,6000	0,1
24,8000	0,1
25,0000	0,1
25,2000	0,1
25,4000	0,1
25,6000	0,1
25,8000	0,1
26,0000	0,1
26,2000	0,2
26,4000	0,1
26,6000	0,2
26,8000	0,1
27,0000	0,2
27,2000	0,2
27,4000	0,1
27,6000	0,2
27,8000	0,2
28,0000	0,2
28,2000	0,2
28,4000	0,2
28,6000	0,2
28,8000	0,2
29,0000	0,2
29,2000	0,2
29,4000	0,2
29,6000	0,2
29,8000	0,2
30,0000	0,2
30,2000	0,2
30,4000	0,2
30,6000	0,2
30,8000	0,2
31,0000	0,2
31,2000	0,2
31,4000	0,2
31,6000	0,2
31,8000	0,2
32,0000	0,1
32,2000	0,2
32,4000	0,2
32,6000	0,2
32,8000	0,1
33,0000	0,1
33,2000	0,2
33,4000	0,1
33,6000	0,2
33,8000	0,1
34,0000	0,2
34,2000	0,1
34,4000	0,1
34,6000	0,1
34,8000	0,1
35,0000	0,2
35,2000	0,1
35,4000	0,1
35,6000	0,1
35,8000	0,2
36,0000	0,1
36,2000	0,1
36,4000	0,1
36,6000	0,1
36,8000	0,1
37,0000	0,1
37,2000	0,1
37,4000	0,1
37,6000	0,1
37,8000	0,1
38,0000	0,1
38,2000	0,1
38,4000	0,1
38,6000	0,1
38,8000	0,1
39,0000	0,1
39,2000	0,1
39,4000	0,1
39,6000	0,1
39,8000	0,1
40,0000	0,1
40,2000	0,1
40,4000	0,1
40,6000	0,1
40,8000	0,1
41,0000	0,1
41,2000	0,1
41,4000	0,1
41,6000	0,2
41,8000	0,2
42,0000	0,2
42,2000	0,2
42,4000	0,2
42,6000	0,2
42,8000	0,2
43,0000	0,2
43,2000	0,2
43,4000	0,2
43,6000	0,2
43,8000	0,2
44,0000	0,2
44,2000	0,2
44,4000	0,2
44,6000	0,2
44,8000	0,2
45,0000	0,2
45,2000	0,2
45,4000	0,2
45,6000	0,2
45,8000	0,2
46,0000	0,2
46,2000	0,2
46,4000	0,2
46,6000	0,2
46,8000	0,2
47,0000	0,2
47,2000	0,2
47,4000	0,2
47,6000	0,2
47,8000	0,2
48,0000	0,2
48,2000	0,2
48,4000	0,2
48,6000	0,2
48,8000	0,2
49,0000	0,2
49,2000	0,2
49,4000	0,2
49,6000	0,2
49,8000	0,2
50,0000	0,2
50,2000	0,2
50,4000	0,2
50,6000	0,2
50,8000	0,2
51,0000	0,2
51,2000	0,2
51,4000	0,2
51,6000	0,2
51,8000	0,2
52,0000	0,2
52,2000	0,2
52,4000	0,2
52,6000	0,2
52,8000	0,2
53,0000	0,2
53,2000	0,2
53,4000	0,2
53,6000	0,2
53,8000	0,2
54,0000	0,2
54,2000	0,2
54,4000	0,2
54,6000	0,2
54,8000	0,2
55,0000	0,2
55,2000	0,2
55,4000	0,2
55,6000	0,2
55,8000	0,2
56,0000	0,2
56,2000	0,2
56,4000	0,2
56,6000	0,2
56,8000	0,2
57,0000	0,2
57,2000	0,2
57,4000	0,2
57,6000	0,2
57,8000	0,2
58,0000	0,2
58,2000	0,2
58,4000	0,2
58,6000	0,2
58,8000	0,2
59,0000	0,2
59,2000	0,2
59,4000	0,2
59,6000	0,2
59,8000	0,2
60,0000	0,2
60,2000	0,2
60,4000	0,2
60,6000	0,2
60,8000	0,2
61,0000	0,2
61,2000	0,2
61,4000	0,2
61,6000	0,2
61,8000	0,2
62,0000	0,2
62,2000	0,2
62,4000	0,2
62,6000	0,2
62,8000	0,2
63,0000	0,2
63,2000	0,2
63,4000	0,2
63,6000	0,2
63,8000	0,2
64,0000	0,2
64,2000	0,2
64,4000	0,2
64,6000	0,2
64,8000	0,2
65,0000	0,2
65,2000	0,2
65,4000	0,2
65,6000	0,2
65,8000	0,2
66,0000	0,2
66,2000	0,2
66,4000	0,2
66,6000	0,2
66,8000	0,2
67,0000	0,2
67,2000	0,2
67,4000	0,2
67,6000	0,2
67,8000	0,2
68,0000	0,2
68,2000	0,2
68,4000	0,2
68,6000	0,3
68,8000	0,3
69,0000	0,3
69,2000	0,3
69,4000	0,3
69,6000	0,2
69,8000	0,3
70,0000	0,3
70,2000	0,3
70,4000	0,2
70,6000	0,2
70,8000	0,2
71,0000	0,2
71,2000	0,2
71,4000	0,2
71,6000	0,2
71,8000	0,2
72,0000	0,2
72,2000	0,2
72,4000	0,2
72,6000	0,2
72,8000	0,2
73,0000	0,2
73,2000	0,2
73,4000	0,2
73,6000	0,2
73,8000	0,2
74,0000	0,2
74,2000	0,2
74,4000	0,2
74,6000	0,2
74,8000	0,2
75,0000	0,2
75,2000	0,2
75,4000	0,2
75,6000	0,3
75,8000	0,2
76,0000	0,2
76,2000	0,2
76,4000	0,2
76,6000	0,3
76,8000	0,3
77,0000	0,2
77,2000	0,2
77,4000	0,2
77,6000	0,2
77,8000	0,2
78,0000	0,2
78,2000	0,2
78,4000	0,2
78,6000	0,2
78,8000	0,2
79,0000	0,2
79,2000	0,2
79,4000	0,2
79,6000	0,2
79,8000	0,2
80,0000	0,2
80,2000	0,2
80,4000	0,2
80,6000	0,2
80,8000	0,2
81,0000	0,2
81,2000	0,2
81,4000	0,2
81,6000	0,2
81,8000	0,2
82,0000	0,3
82,2000	0,3
82,4000	0,3
82,6000	0,3
82,8000	0,3
83,0000	0,3
83,2000	0,3
83,4000	0,3
83,6000	0,3
83,8000	0,3
84,0000	0,3
84,2000	0,3
84,4000	0,3
84,6000	0,2
84,8000	0,2
85,0000	0,2
85,2000	0,2
85,4000	0,2
85,6000	0,3
85,8000	0,2
86,0000	0,2
86,2000	0,2
86,4000	0,2
86,6000	0,2
86,8000	0,3
87,0000	0,2
87,2000	0,3
87,4000	0,2
87,6000	0,2
87,8000	0,2
88,0000	0,2
88,2000	0,2
88,4000	0,2
88,6000	0,3
88,8000	0,3
89,0000	0,3
89,2000	0,3
89,4000	0,3
89,6000	0,3
89,8000	0,3
90,0000	0,3
90,2000	0,3
90,4000	0,3
90,6000	0,3
90,8000	0,3
91,0000	0,3
91,2000	0,3
91,4000	0,2
91,6000	0,2
91,8000	0,2
92,0000	0,2
92,2000	0,2
92,4000	0,2
92,6000	0,2
92,8000	0,2
93,0000	0,2
93,2000	0,2
93,4000	0,2
93,6000	0,2
93,8000	0,2
94,0000	0,3
94,2000	0,3
94,4000	0,3
94,6000	0,3
94,8000	0,3
95,0000	0,3
95,2000	0,3
95,4000	0,3
95,6000	0,3
95,8000	0,3
96,0000	0,3
96,2000	0,3
96,4000	0,4
96,6000	0,4
96,8000	0,4
97,0000	0,4
97,2000	0,4
97,4000	0,3
97,6000	0,3
97,8000	0,3
98,0000	0,3
98,2000	0,3
98,4000	0,3
98,6000	0,3
98,8000	0,3
99,0000	0,3
99,2000	0,3
99,4000	0,3
99,6000	0,3
99,8000	0,3
100,0000	0,3
100,2000	0,3
100,4000	0,3
100,6000	0,3
100,8000	0,3
101,0000	0,3
101,2000	0,3
101,4000	0,3
101,6000	0,3
101,8000	0,3
102,0000	0,3
102,2000	0,3
102,4000	0,3
102,6000	0,3
102,8000	0,4
103,0000	0,4
103,2000	0,4
103,4000	0,4
103,6000	0,3
103,8000	0,3
104,0000	0,3
104,2000	0,3
104,4000	0,3
104,6000	0,3
104,8000	0,3
105,0000	0,3
105,2000	0,3
105,4000	0,3
105,6000	0,3
105,8000	0,3
106,0000	0,3
106,2000	0,3
106,4000	0,3
106,6000	0,3
106,8000	0,3
107,0000	0,3
107,2000	0,3
107,4000	0,3
107,6000	0,3
107,8000	0,3
108,0000	0,3
108,2000	0,3
108,4000	0,3
108,6000	0,4
108,8000	0,4
109,0000	0,4
109,2000	0,4
109,4000	0,4
109,6000	0,4
109,8000	0,4
110,0000	0,4
110,2000	0,4
110,4000	0,4
110,6000	0,4
110,8000	0,4
111,0000	0,4
111,2000	0,4
111,4000	0,4
111,6000	0,4
111,8000	0,3
112,0000	0,3
112,2000	0,3
112,4000	0,3
112,6000	0,3
112,8000	0,3
113,0000	0,3
113,2000	0,3
113,4000	0,3
113,6000	0,3
113,8000	0,3
114,0000	0,3
114,2000	0,3
114,4000	0,4
114,6000	0,4
114,8000	0,4
115,0000	0,4
115,2000	0,4
115,4000	0,4
115,6000	0,4
115,8000	0,4
116,0000	0,5
116,2000	0,5
116,4000	0,5
116,6000	0,5
116,8000	0,5
117,0000	0,5
117,2000	0,5
117,4000	0,4
117,6000	0,4
117,8000	0,4
118,0000	0,4
118,2000	0,4
118,4000	0,4
118,6000	0,4
118,8000	0,4
119,0000	0,4
119,2000	0,4
119,4000	0,3
119,6000	0,3
119,8000	0,3
120,0000	0,3
120,2000	0,3
120,4000	0,4
120,6000	0,4
120,8000	0,4
121,0000	0,4
121,2000	0,4
121,4000	0,4
121,6000	0,5
121,8000	0,5
122,0000	0,5
122,2000	0,5
122,4000	0,5
122,6000	0,5
122,8000	0,6
123,0000	0,6
123,2000	0,6
123,4000	0,6
123,6000	0,6
123,8000	0,6
124,0000	0,6
124,2000	0,6
124,4000	0,6
124,6000	0,5
124,8000	0,5
125,0000	0,5
125,2000	0,5
125,4000	0,5
125,6000	0,5
125,8000	0,5
126,0000	0,4
126,2000	0,4
126,4000	0,4
126,6000	0,4
126,8000	0,4
127,0000	0,4
127,2000	0,4
127,4000	0,4
127,6000	0,4
127,8000	0,4
128,0000	0,5
128,2000	0,5
128,4000	0,5
128,6000	0,6
128,8000	0,6
129,0000	0,6
129,2000	0,6
129,4000	0,7
129,6000	0,7
129,8000	0,7
130,0000	0,7
130,2000	0,7
130,4000	0,8
130,6000	0,7
130,8000	0,7
131,0000	0,7
131,2000	0,7
131,4000	0,7
131,6000	0,6
131,8000	0,6
132,0000	0,6
132,2000	0,6
132,4000	0,5
132,6000	0,5
132,8000	0,5
133,0000	0,5
133,2000	0,5
133,4000	0,5
133,6000	0,5
133,8000	0,5
134,0000	0,5
134,2000	0,6
134,4000	0,6
134,6000	0,6
134,8000	0,6
135,0000	0,6
135,2000	0,6
135,4000	0,7
135,6000	0,7
135,8000	0,7
136,0000	0,8
136,2000	0,8
136,4000	0,8
136,6000	0,8
136,8000	0,8
137,0000	0,8
137,2000	0,8
137,4000	0,8
137,6000	0,8
137,8000	0,8
138,0000	0,8
138,2000	0,8
138,4000	0,7
138,6000	0,7
138,8000	0,7
139,0000	0,6
139,2000	0,7
139,4000	0,6
139,6000	0,6
139,8000	0,6
140,0000	0,7
140,2000	0,7
140,4000	0,7
140,6000	0,7
140,8000	0,7
141,0000	0,7
141,2000	0,8
141,4000	0,8
141,6000	0,8
141,8000	0,9
142,0000	0,9
142,2000	1,0
142,4000	1,0
142,6000	1,1
142,8000	1,1
143,0000	1,1
143,2000	1,1
143,4000	1,1
143,6000	1,2
143,8000	1,1
144,0000	1,1
144,2000	1,1
144,4000	1,1
144,6000	1,0
144,8000	1,0
145,0000	1,0
145,2000	1,0
145,4000	0,9
145,6000	0,9
145,8000	0,9
146,0000	0,8
146,2000	0,8
146,4000	0,8
146,6000	0,8
146,8000	0,8
147,0000	0,8
147,2000	0,8
147,4000	0,8
147,6000	0,8
147,8000	0,9
148,0000	0,9
148,2000	1,0
148,4000	1,1
148,6000	1,1
148,8000	1,1
149,0000	1,2
149,2000	1,2
149,4000	1,2
149,6000	1,3
149,8000	1,3
150,0000	1,4
150,2000	1,4
150,4000	1,4
150,6000	1,4
150,8000	1,3
151,0000	1,3
151,2000	1,3
151,4000	1,2
151,6000	1,2
151,8000	1,1
152,0000	1,1
152,2000	1,0
152,4000	1,0
152,6000	0,9
152,8000	0,9
153,0000	0,9
153,2000	0,9
153,4000	0,9
153,6000	0,9
153,8000	1,0
154,0000	1,0
154,2000	1,1
154,4000	1,2
154,6000	1,4
154,8000	1,4
155,0000	1,4
155,2000	1,5
155,4000	1,6
155,6000	1,6
155,8000	1,7
156,0000	1,8
156,2000	1,9
156,4000	2,0
156,6000	2,0
156,8000	2,0
157,0000	2,1
157,2000	2,0
157,4000	2,0
157,6000	2,0
157,8000	1,9
158,0000	1,9
158,2000	1,9
158,4000	1,9
158,6000	1,8
158,8000	1,8
159,0000	1,7
159,2000	1,6
159,4000	1,6
159,6000	1,6
159,8000	1,6
160,0000	1,6
160,2000	1,6
160,4000	1,7
160,6000	1,7
160,8000	1,7
161,0000	1,8
161,2000	2,0
161,4000	2,0
161,6000	2,1
161,8000	2,3
162,0000	2,4
162,2000	2,5
162,4000	2,6
162,6000	2,6
162,8000	2,7
163,0000	2,8
163,2000	2,8
163,4000	2,9
163,6000	2,9
163,8000	2,9
164,0000	2,9
164,2000	2,8
164,4000	2,6
164,6000	2,6
164,8000	2,5
165,0000	2,4
165,2000	2,3
165,4000	2,2
165,6000	1,8
165,8000	1,8
166,0000	1,8
166,2000	1,7
166,4000	1,6
166,6000	1,6
166,8000	1,6
167,0000	1,6
167,2000	1,6
167,4000	1,6
167,6000	1,7
167,8000	1,7
168,0000	2,0
168,2000	2,0
168,4000	2,3
168,6000	2,5
168,8000	2,7
169,0000	2,9
169,2000	3,0
169,4000	3,1
169,6000	3,2
169,8000	3,3
170,0000	3,4
170,2000	3,4
170,4000	3,4
170,6000	3,4
170,8000	3,4
171,0000	3,3
171,2000	3,2
171,4000	3,2
171,6000	3,1
171,8000	3,0
172,0000	2,8
172,2000	2,7
172,4000	2,7
172,6000	2,6
172,8000	2,6
173,0000	2,6
173,2000	2,7
173,4000	2,7
173,6000	2,7
173,8000	2,9
174,0000	3,0
174,2000	3,1
174,4000	3,4
174,6000	3,6
174,8000	3,9
175,0000	4,2
175,2000	4,5
175,4000	4,7
175,6000	5,2
175,8000	5,6
176,0000	5,9
176,2000	6,0
176,4000	6,2
176,6000	6,3
176,8000	6,4
177,0000	6,4
177,2000	6,4
177,4000	6,2
177,6000	6,2
177,8000	6,0
178,0000	5,9
178,2000	5,8
178,4000	5,6
178,6000	5,4
178,8000	5,2
179,0000	5,1
179,2000	4,9
179,4000	4,9
179,6000	4,8
179,8000	4,8
180,0000	4,9
180,2000	5,3
180,4000	5,4
180,6000	5,7
180,8000	6,1
181,0000	6,2
181,2000	6,3
181,4000	6,8
181,6000	7,3
181,8000	7,7
182,0000	8,1
182,2000	9,9
182,4000	9,9
182,6000	10,0
182,8000	10,5
183,0000	10,7
183,2000	10,9
183,4000	11,0
183,6000	11,0
183,8000	10,9
184,0000	10,6
184,2000	10,3
184,4000	10,1
184,6000	9,8
184,8000	9,4
185,0000	9,1
185,2000	8,8
185,4000	8,7
185,6000	8,5
185,8000	8,4
186,0000	8,4
186,2000	8,5
186,4000	8,7
186,6000	8,9
186,8000	11,1
187,0000	11,1
187,2000	11,1
187,4000	12,7
187,6000	13,1
187,8000	15,5
188,0000	16,0
188,2000	17,2
188,4000	19,5
188,6000	20,6
188,8000	21,2
189,0000	22,6
189,2000	23,7
189,4000	24,6
189,6000	25,9
189,8000	26,6
190,0000	26,9
190,2000	26,8
190,4000	26,5
190,6000	26,4
190,8000	25,5
191,0000	25,0
191,2000	24,3
191,4000	23,2
191,6000	22,6
191,8000	21,8
192,0000	21,8
192,2000	21,4
192,4000	21,8
192,6000	22,6
192,8000	23,9
193,0000	25,5
193,2000	27,0
193,4000	30,6
193,6000	35,0
193,8000	40,1
194,0000	45,8
194,2000	57,3
194,4000	67,4
194,6000	80,5
194,8000	96,5
195,0000	99,9
195,2000	99,9
195,4000	99,9
195,6000	99,9
195,8000	99,9
196,0000	99,9
196,2000	99,9
196,4000	99,9
196,6000	99,9
196,8000	99,9
197,0000	99,9
197,2000	99,9
197,4000	99,9
197,6000	99,9
197,8000	99,9
198,0000	99,9
198,2000	99,9
198,4000	99,8
198,6000	99,9
198,8000	99,9
199,0000	99,9
199,2000	99,9
199,4000	99,9
199,6000	99,9
199,8000	99,9
200,0000	99,9
200,2000	99,9
200,4000	99,9
200,6000	99,9
200,8000	99,9
201,0000	99,9
201,2000	99,9
201,4000	99,9
201,6000	99,9
201,8000	99,9
202,0000	99,9
202,2000	99,9
202,4000	99,9
202,6000	99,9
202,8000	99,9
203,0000	99,9
203,2000	99,9
203,4000	99,9
203,6000	99,9
203,8000	99,9
204,0000	99,9
204,2000	99,9
204,4000	99,9
204,6000	99,9
204,8000	99,9
205,0000	99,9
205,2000	99,9
205,4000	99,9
205,6000	99,9
205,8000	99,9
206,0000	99,9
206,2000	99,9
206,4000	99,9
206,6000	99,9
206,8000	99,9
207,0000	99,9
207,2000	99,9
207,4000	99,9
207,6000	99,9
207,8000	99,9
208,0000	99,9
208,2000	99,9
208,4000	99,9
208,6000	99,8
208,8000	99,9
209,0000	99,9
209,2000	99,9
209,4000	99,9
209,6000	99,9
209,8000	99,9
210,0000	99,9
210,2000	99,9
210,4000	99,9
210,6000	99,9
210,8000	99,9
211,0000	99,9
211,2000	99,9
211,4000	99,9
211,6000	99,9
211,8000	99,9
212,0000	99,9
212,2000	87,8
212,4000	77,1
212,6000	69,5
212,8000	61,4
213,0000	57,6
213,2000	51,0
213,4000	47,6
213,6000	41,8
213,8000	39,8
214,0000	38,9
214,2000	38,3
214,4000	38,0
214,6000	38,0
214,8000	38,2
215,0000	38,5
215,2000	38,6
215,4000	38,7
215,6000	39,5
215,8000	39,6
216,0000	39,5
216,2000	39,6
216,4000	38,1
216,6000	37,3
216,8000	36,2
217,0000	35,4
217,2000	33,7
217,4000	32,0
217,6000	30,0
217,8000	28,2
218,0000	27,4
218,2000	24,0
218,4000	22,9
218,6000	23,1
218,8000	20,2
219,0000	19,9
219,2000	18,4
219,4000	17,6
219,6000	16,9
219,8000	16,4
220,0000	15,0
220,2000	15,1
220,4000	14,6
220,6000	14,3
220,8000	14,1
221,0000	14,1
221,2000	14,0
221,4000	14,2
221,6000	14,3
221,8000	14,6
222,0000	14,5
222,2000	14,3
222,4000	14,2
222,6000	14,3
222,8000	14,4
223,0000	14,4
223,2000	14,2
223,4000	13,6
223,6000	13,7
223,8000	12,9
224,0000	12,4
224,2000	12,0
224,4000	11,5
224,6000	11,3
224,8000	10,8
225,0000	10,4
225,2000	9,8
225,4000	9,2
225,6000	9,0
225,8000	8,6
226,0000	8,3
226,2000	7,9
226,4000	7,7
226,6000	7,5
226,8000	7,4
227,0000	7,3
227,2000	7,3
227,4000	7,3
227,6000	7,4
227,8000	7,4
228,0000	7,5
228,2000	7,5
228,4000	7,7
228,6000	7,7
228,8000	7,7
229,0000	7,7
229,2000	7,7
229,4000	7,7
229,6000	7,7
229,8000	7,6
230,0000	7,5
230,2000	7,4
230,4000	7,2
230,6000	6,8
230,8000	6,7
231,0000	6,5
231,2000	6,2
231,4000	6,0
231,6000	5,8
231,8000	5,5
232,0000	5,0
232,2000	4,9
232,4000	4,8
232,6000	4,7
232,8000	4,6
233,0000	4,6
233,2000	4,6
233,4000	4,6
233,6000	4,7
233,8000	4,7
234,0000	4,8
234,2000	4,9
234,4000	5,0
234,6000	5,1
234,8000	5,4
235,0000	5,3
235,2000	5,4
235,4000	5,5
235,6000	5,5
235,8000	5,5
236,0000	5,5
236,2000	5,5
236,4000	5,4
236,6000	5,3
236,8000	5,2
237,0000	5,0
237,2000	4,9
237,4000	4,7
237,6000	4,6
237,8000	4,3
238,0000	4,2
238,2000	4,2
238,4000	4,0
238,6000	3,9
238,8000	3,8
239,0000	3,7
239,2000	3,6
239,4000	3,6
239,6000	3,6
239,8000	3,6
240,0000	3,6
240,2000	3,7
240,4000	3,7
240,6000	3,8
240,8000	3,9
241,0000	3,9
241,2000	4,0
241,4000	4,1
241,6000	4,1
241,8000	4,2
242,0000	4,2
242,2000	4,3
242,4000	4,3
242,6000	4,3
242,8000	4,2
243,0000	4,2
243,2000	4,2
243,4000	4,1
243,6000	4,0
243,8000	3,9
244,0000	3,8
244,2000	3,7
244,4000	3,4
244,6000	3,4
244,8000	3,2
245,0000	3,1
245,2000	3,0
245,4000	3,0
245,6000	2,8
245,8000	2,8
246,0000	2,7
246,2000	2,7
246,4000	2,7
246,6000	2,8
246,8000	2,8
247,0000	2,8
247,2000	2,9
247,4000	2,9
247,6000	3,0
247,8000	3,0
248,0000	3,1
248,2000	3,1
248,4000	3,2
248,6000	3,2
248,8000	3,2
249,0000	3,2
249,2000	3,1
249,4000	3,1
249,6000	3,1
249,8000	3,0
250,0000	2,9
250,2000	2,8
250,4000	2,7
250,6000	2,6
250,8000	2,6
251,0000	2,5
251,2000	2,5
251,4000	2,4
251,6000	2,3
251,8000	2,2
252,0000	2,2
252,2000	2,1
252,4000	1,9
252,6000	1,9
252,8000	1,9
253,0000	2,0
253,2000	2,0
253,4000	2,0
253,6000	2,1
253,8000	2,1
254,0000	2,1
254,2000	2,1
254,4000	2,2
254,6000	2,2
254,8000	2,2
255,0000	2,3
255,2000	2,3
255,4000	2,3
255,6000	2,3
255,8000	2,3
256,0000	2,3
256,2000	2,3
256,4000	2,3
256,6000	2,2
256,8000	2,2
257,0000	2,1
257,2000	2,0
257,4000	2,0
257,6000	1,8
257,8000	1,8
258,0000	1,7
258,2000	1,7
258,4000	1,6
258,6000	1,6
258,8000	1,6
259,0000	1,6
259,2000	1,6
259,4000	1,6
259,6000	1,6
259,8000	1,6
260,0000	1,6
260,2000	1,6
260,4000	1,7
260,6000	1,7
260,8000	1,7
261,0000	1,7
261,2000	1,7
261,4000	1,8
261,6000	1,8
261,8000	1,8
262,0000	1,9
262,2000	1,9
262,4000	1,9
262,6000	1,9
262,8000	1,8
263,0000	1,8
263,2000	1,8
263,4000	1,8
263,6000	1,7
263,8000	1,7
264,0000	1,7
264,2000	1,7
264,4000	1,6
264,6000	1,5
264,8000	1,5
265,0000	1,5
265,2000	1,5
265,4000	1,4
265,6000	1,4
265,8000	1,4
266,0000	1,4
266,2000	1,4
266,4000	1,4
266,6000	1,4
266,8000	1,4
267,0000	1,4
267,2000	1,5
267,4000	1,5
267,6000	1,5
267,8000	1,5
268,0000	1,5
268,2000	1,5
268,4000	1,5
268,6000	1,5
268,8000	1,5
269,0000	1,5
269,2000	1,5
269,4000	1,5
269,6000	1,5
269,8000	1,5
270,0000	1,4
270,2000	1,4
270,4000	1,3
270,6000	1,3
270,8000	1,3
271,0000	1,2
271,2000	1,2
271,4000	1,2
271,6000	1,1
271,8000	1,1
272,0000	1,0
272,2000	1,0
272,4000	1,0
272,6000	1,0
272,8000	1,0
273,0000	1,0
273,2000	1,0
273,4000	1,0
273,6000	1,0
273,8000	1,1
274,0000	1,1
274,2000	1,1
274,4000	1,1
274,6000	1,2
274,8000	1,2
275,0000	1,2
275,2000	1,2
275,4000	1,2
275,6000	1,2
275,8000	1,2
276,0000	1,2
276,2000	1,2
276,4000	1,2
276,6000	1,2
276,8000	1,2
277,0000	1,2
277,2000	1,1
277,4000	1,1
277,6000	1,1
277,8000	1,0
278,0000	1,0
278,2000	1,0
278,4000	1,0
278,6000	1,0
278,8000	1,0
279,0000	1,0
279,2000	1,0
279,4000	1,0
279,6000	1,0
279,8000	1,0
280,0000	1,1
280,2000	1,1
280,4000	1,1
280,6000	1,1
280,8000	1,1
281,0000	1,2
281,2000	1,2
281,4000	1,2
281,6000	1,2
281,8000	1,2
282,0000	1,2
282,2000	1,2
282,4000	1,3
282,6000	1,2
282,8000	1,2
283,0000	1,2
283,2000	1,2
283,4000	1,2
283,6000	1,2
283,8000	1,1
284,0000	1,1
284,2000	1,1
284,4000	1,1
284,6000	1,0
284,8000	1,0
285,0000	1,0
285,2000	1,0
285,4000	1,0
285,6000	1,0
285,8000	1,0
286,0000	1,0
286,2000	1,0
286,4000	1,0
286,6000	1,0
286,8000	1,0
287,0000	1,0
287,2000	1,1
287,4000	1,1
287,6000	1,1
287,8000	1,1
288,0000	1,1
288,2000	1,1
288,4000	1,1
288,6000	1,1
288,8000	1,1
289,0000	1,1
289,2000	1,1
289,4000	1,1
289,6000	1,1
289,8000	1,1
290,0000	1,1
290,2000	1,0
290,4000	1,0
290,6000	1,0
290,8000	1,0
291,0000	0,9
291,2000	0,9
291,4000	0,9
291,6000	0,9
291,8000	0,9
292,0000	0,9
292,2000	0,9
292,4000	0,8
292,6000	0,8
292,8000	0,8
293,0000	0,8
293,2000	0,8
293,4000	0,9
293,6000	0,9
293,8000	0,9
294,0000	0,9
294,2000	0,9
294,4000	0,9
294,6000	0,9
294,8000	0,9
295,0000	0,9
295,2000	0,9
295,4000	0,9
295,6000	0,9
295,8000	0,9
296,0000	0,9
296,2000	0,9
296,4000	0,8
296,6000	0,8
296,8000	0,8
297,0000	0,8
297,2000	0,8
297,4000	0,8
297,6000	0,8
297,8000	0,7
298,0000	0,7
298,2000	0,7
298,4000	0,7
298,6000	0,7
298,8000	0,7
299,0000	0,7
299,2000	0,7
299,4000	0,7
299,6000	0,7
299,8000	0,8
300,0000	0,8
300,2000	0,8
300,4000	0,8
300,6000	0,8
300,8000	0,8
301,0000	0,8
301,2000	0,8
301,4000	0,8
301,6000	0,8
301,8000	0,8
302,0000	0,8
302,2000	0,8
302,4000	0,8
302,6000	0,8
302,8000	0,8
303,0000	0,8
303,2000	0,8
303,4000	0,8
303,6000	0,8
303,8000	0,7
304,0000	0,7
304,2000	0,7
304,4000	0,7
304,6000	0,7
304,8000	0,7
305,0000	0,7
305,2000	0,6
305,4000	0,6
305,6000	0,6
305,8000	0,6
306,0000	0,6
306,2000	0,6
306,4000	0,7
306,6000	0,7
306,8000	0,7
307,0000	0,7
307,2000	0,7
307,4000	0,7
307,6000	0,7
307,8000	0,7
308,0000	0,7
308,2000	0,7
308,4000	0,7
308,6000	0,7
308,8000	0,7
309,0000	0,7
309,2000	0,7
309,4000	0,7
309,6000	0,7
309,8000	0,7
310,0000	0,7
310,2000	0,7
310,4000	0,7
310,6000	0,7
310,8000	0,7
311,0000	0,6
311,2000	0,6
311,4000	0,6
311,6000	0,6
311,8000	0,6
312,0000	0,6
312,2000	0,6
312,4000	0,6
312,6000	0,6
312,8000	0,6
313,0000	0,6
313,2000	0,6
313,4000	0,6
313,6000	0,6
313,8000	0,6
314,0000	0,6
314,2000	0,6
314,4000	0,6
314,6000	0,6
314,8000	0,6
315,0000	0,6
315,2000	0,6
315,4000	0,6
315,6000	0,6
315,8000	0,6
316,0000	0,6
316,2000	0,6
316,4000	0,6
316,6000	0,5
316,8000	0,5
317,0000	0,5
317,2000	0,5
317,4000	0,5
317,6000	0,5
317,8000	0,5
318,0000	0,5
318,2000	0,5
318,4000	0,5
318,6000	0,5
318,8000	0,5
319,0000	0,5
319,2000	0,5
319,4000	0,5
319,6000	0,5
319,8000	0,5
320,0000	0,5
320,2000	0,5
320,4000	0,5
320,6000	0,6
320,8000	0,6
321,0000	0,6
321,2000	0,6
321,4000	0,6
321,6000	0,6
321,8000	0,6
322,0000	0,6
322,2000	0,6
322,4000	0,6
322,6000	0,6
322,8000	0,6
323,0000	0,6
323,2000	0,6
323,4000	0,6
323,6000	0,6
323,8000	0,6
324,0000	0,6
324,2000	0,6
324,4000	0,6
324,6000	0,6
324,8000	0,6
325,0000	0,6
325,2000	0,6
325,4000	0,6
325,6000	0,6
325,8000	0,6
326,0000	0,6
326,2000	0,6
326,4000	0,6
326,6000	0,6
326,8000	0,6
327,0000	0,6
327,2000	0,6
327,4000	0,6
327,6000	0,7
327,8000	0,7
328,0000	0,6
328,2000	0,6
328,4000	0,7
328,6000	0,6
328,8000	0,6
329,0000	0,6
329,2000	0,6
329,4000	0,6
329,6000	0,6
329,8000	0,6
330,0000	0,6
330,2000	0,6
330,4000	0,6
330,6000	0,6
330,8000	0,6
331,0000	0,5
331,2000	0,5
331,4000	0,5
331,6000	0,5
331,8000	0,5
332,0000	0,5
332,2000	0,5
332,4000	0,5
332,6000	0,5
332,8000	0,5
333,0000	0,5
333,2000	0,5
333,4000	0,5
333,6000	0,5
333,8000	0,5
334,0000	0,5
334,2000	0,5
334,4000	0,5
334,6000	0,5
334,8000	0,5
335,0000	0,5
335,2000	0,5
335,4000	0,5
335,6000	0,5
335,8000	0,5
336,0000	0,5
336,2000	0,5
336,4000	0,5
336,6000	0,5
336,8000	0,5
337,0000	0,5
337,2000	0,5
337,4000	0,5
337,6000	0,4
337,8000	0,4
338,0000	0,4
338,2000	0,4
338,4000	0,4
338,6000	0,4
338,8000	0,4
339,0000	0,4
339,2000	0,4
339,4000	0,4
339,6000	0,4
339,8000	0,4
340,0000	0,5
340,2000	0,4
340,4000	0,5
340,6000	0,5
340,8000	0,5
341,0000	0,5
341,2000	0,5
341,4000	0,5
341,6000	0,5
341,8000	0,5
342,0000	0,5
342,2000	0,5
342,4000	0,5
342,6000	0,5
342,8000	0,5
343,0000	0,5
343,2000	0,5
343,4000	0,5
343,6000	0,5
343,8000	0,5
344,0000	0,5
344,2000	0,5
344,4000	0,4
344,6000	0,4
344,8000	0,4
345,0000	0,4
345,2000	0,4
345,4000	0,4
345,6000	0,4
345,8000	0,4
346,0000	0,4
346,2000	0,4
346,4000	0,4
346,6000	0,4
346,8000	0,4
347,0000	0,4
347,2000	0,4
347,4000	0,4
347,6000	0,4
347,8000	0,4
348,0000	0,4
348,2000	0,4
348,4000	0,4
348,6000	0,4
348,8000	0,4
349,0000	0,4
349,2000	0,4
349,4000	0,4
349,6000	0,4
349,8000	0,4
350,0000	0,4
350,2000	0,4
350,4000	0,4
350,6000	0,4
350,8000	0,4
351,0000	0,4
351,2000	0,4
351,4000	0,4
351,6000	0,4
351,8000	0,4
352,0000	0,4
352,2000	0,4
352,4000	0,4
352,6000	0,4
352,8000	0,4
353,0000	0,4
353,2000	0,4
353,4000	0,4
353,6000	0,4
353,8000	0,4
354,0000	0,4
354,2000	0,4
354,4000	0,4
354,6000	0,4
354,8000	0,4
355,0000	0,4
355,2000	0,4
355,4000	0,4
355,6000	0,4
355,8000	0,4
356,0000	0,4
356,2000	0,4
356,4000	0,4
356,6000	0,4
356,8000	0,4
357,0000	0,4
357,2000	0,4
357,4000	0,3
357,6000	0,3
357,8000	0,4
358,0000	0,4
358,2000	0,4
